Vec Object: 1 MPI processes
  type: seq
0.
0.
0.
0.00904915
-0.000920712
0.00904915
-0.000920712
0.0127974
-0.00130208
0.
0.
0.
-1.68051e-18
0.00574767
0.00574767
1.6263e-18
0.
0.
0.
0.000920712
-0.00904915
0.
0.
0.
0.00704976
-0.00704976
0.
0.
0.
0.
0.
0.
0.
0.
0.
-1.0842e-18
8.13152e-19
0.000920712
-0.00904915
0.
0.
0.
0.
0.
0.
0.00704976
-0.00704976
0.
0.
0.
0.
0.
0.
0.00904915
-0.000920712
0.
0.
0.
0.00904915
0.
0.
0.
-0.000920712
0.
0.
0.
-0.000920712
-0.000920712
0.00904915
0.00904915
0.
0.
0.
0.
0.
0.
-0.00904915
0.000920712
-0.00574767
-0.00574767
0.000920712
-0.00904915
0.
0.
0.
0.
0.
0.
0.
0.
0.
0.
0.
0.
0.
0.
0.
0.00130208
-0.0127974
0.
0.
0.
0.000920712
-0.00904915
0.
0.
0.
0.
0.
0.
0.
0.
0.
-0.00904915
0.000920712
-0.00574767
-0.00574767
0.
0.
0.
0.
0.
0.
0.
0.
0.
0.000920712
-0.00904915
0.
0.
0.
0.00130208
-0.0127974
0.
0.
0.
0.
0.
0.
0.000920712
-0.00904915
0.
0.
0.
0.
0.
0.
2.71051e-18
-8.13152e-19
0.
0.
0.
0.00574767
0.
0.
0.
0.00574767
0.
0.
0.
1.57209e-18
0.
0.
0.
-1.51788e-18
0.
0.
0.
-0.00130208
-0.00704976
0.00704976
0.0127974
0.
0.
0.
0.
0.
0.
-0.00704976
0.00704976
-0.0127974
-0.00904915
0.
0.
0.
-0.00574767
0.
0.
0.
0.000920712
0.
0.
0.
0.00704976
0.
0.
0.
0.00904915
0.
0.
0.
-1.73472e-18
0.
0.
0.
-0.00904915
0.
0.
0.
-0.0127974
0.00130208
0.
0.
0.
0.
0.
0.
0.
0.
0.
0.
0.
0.
0.00130208
0.000920712
-0.00574767
-0.00904915
-0.00704976
-0.000920712
2.05998e-18
0.000920712
0.
0.
0.
0.
0.
0.
-0.00904915
0.000920712
-2.81893e-18
2.71051e-18
0.00904915
-0.000920712
0.
0.
0.
0.
0.
0.
0.
0.
0.
0.
0.
0.
0.
0.
0.
0.00704976
-0.00704976
0.
0.
0.
0.
0.
0.
0.000920712
-0.00904915
0.
0.
0.
-0.00574767
-0.00574767
0.
0.
0.
0.
0.
0.
0.
0.
0.
0.
0.
0.
0.
0.
0.
0.
0.
0.
0.
0.
0.
-0.00904915
0.000920712
0.
0.
0.
-0.000920712
0.
0.
0.
0.00904915
0.
0.
0.
-0.000920712
0.
0.
0.
0.00904915
0.
0.
0.
0.
0.
0.
-0.000920712
1.73472e-18
-0.00904915
-1.95156e-18
0.00904915
0.000920712
0.
0.
0.
0.
0.
0.
-0.000920712
1.0842e-18
0.
0.
0.
0.00904915
0.
0.
0.
0.0127974
0.
0.
0.
-0.00130208
-0.000920712
0.
0.
0.
0.00904915
-2.71051e-18
0.
0.
0.
0.
0.
0.
0.
0.
0.
0.
0.
0.
-0.00904915
0.
0.
0.
0.000920712
0.
0.
0.
0.
0.
0.
0.
0.
0.
0.
0.
0.
-0.00704976
0.
0.
0.
0.00704976
0.
0.
0.
-0.00130208
0.
0.
0.
0.0127974
0.
0.
0.
-0.00704976
0.
0.
0.
0.00704976
0.
0.
0.
0.
0.
0.
0.
0.
0.
0.00574767
-0.000920712
0.00904915
0.
0.
0.
0.00574767
-0.000920712
0.00904915
0.
0.
0.
0.
0.
0.
0.
0.
0.
0.
0.
0.
0.
0.
0.
0.
0.
0.
0.
0.
0.
0.
0.
0.
0.
0.
0.
0.
0.
0.
0.
0.
0.
0.
0.
0.
0.00904915
-0.000920712
0.
0.
0.
0.
0.
0.
0.
0.
0.
0.
0.
0.
0.
0.
0.
0.
0.
0.
0.
0.
0.
0.00574767
0.
0.
0.
0.00574767
0.
0.
0.
0.
0.
0.
0.
0.
0.
0.
0.
0.
0.
0.
0.
0.
0.
0.
0.
0.
0.
0.
0.
0.
0.
0.
0.
0.
0.
0.
