Vec Object: 1 MPI processes
  type: seq
0.0297619
-0.0297619
-7.1838e-17
-0.0105081
0.00121954
-0.00753187
0.00419573
-0.00381163
-0.0025007
-0.0654762
0.0178571
-0.0119048
-0.00381163
-0.00381163
-0.0025007
-0.0025007
-0.0297619
0.0297619
1.30614e-17
-0.00753187
0.00419573
0.0535714
-0.0535714
1.30614e-17
-0.00381163
-0.0025007
0.0654762
-0.0178571
0.0119048
-0.0535714
0.0535714
-2.12249e-17
-0.0178571
0.0654762
0.0119048
-0.00381163
-0.0025007
-9.13913e-05
0.0178571
-0.0654762
-0.0119048
-0.00919713
0.0297619
-0.0297619
-2.61229e-17
0.0028848
0.0654762
-0.0178571
0.0119048
-0.00381163
0.0535714
-0.0535714
-1.46941e-17
-0.0105081
-0.0297619
0.0297619
-1.14288e-17
0.00121954
-0.0025007
0.0178571
-0.0654762
-0.0119048
-0.00622094
-0.0178571
0.0654762
0.0119048
-9.13913e-05
-0.00381163
0.0028848
-0.0025007
-0.00919713
-0.00622094
-0.0535714
0.0535714
-1.30614e-17
-0.0297619
0.0297619
1.63268e-17
-0.0654762
0.0178571
-0.0119048
-0.00381163
-0.0535714
0.0535714
-2.32657e-17
-0.0025007
-0.0178571
0.0654762
0.0119048
-0.0178571
0.0654762
0.0119048
-0.0654762
0.0178571
-0.0119048
0.0178571
-0.0654762
-0.0119048
-0.0535714
0.0535714
3.5919e-17
0.0297619
-0.0297619
3.26536e-17
0.0654762
-0.0178571
0.0119048
0.0535714
-0.0535714
6.53072e-18
-0.0297619
0.0297619
2.77556e-17
-0.0654762
0.0178571
-0.0119048
0.0535714
-0.0535714
1.63268e-17
0.0654762
-0.0178571
0.0119048
0.0178571
-0.0654762
-0.0119048
0.0297619
-0.0297619
-1.95922e-17
